-3.633271721169406110e+00 -2.749418531032250979e+00
-2.976795656232069209e+00 -3.130130619095286004e+00
-4.046241035806734665e+00 -2.413595797540917687e+00
-3.183621547459694057e+00 -2.977639683920154212e+00
-3.904108587053154888e+00 -2.951091432822544380e+00
-4.071339081664882897e+00 -2.115075173563672806e+00
-3.447559215925898091e+00 -2.980188866448493457e+00
-4.287105999033476778e+00 -2.585069959723080846e+00
-4.814356372871987588e+00 -3.429133604769490695e+00
-4.608749571748512963e+00 -2.559789061555480583e+00
-3.284028185085224205e+00 -2.575397699107908611e+00
-4.107026100720188033e+00 -2.312489516765867670e+00
-3.745452631681100986e+00 -2.272984902724009437e+00
-4.498589231871656047e+00 -1.940104407638526318e+00
-2.904279496557304885e+00 -2.600874593005827240e+00
-4.084467024266913882e+00 -2.862792504061023369e+00
-3.271673844947790677e+00 -3.413581559927078679e+00
-3.931534472019772686e+00 -3.212371884819077206e+00
-3.466785710627703132e+00 -3.138573013614168961e+00
-3.612295593413866079e+00 -3.023156182750712961e+00
-3.727258144722126687e+00 -2.848107858858544450e+00
-3.953124565531799917e+00 -3.224786800329186853e+00
-4.705704394830918957e+00 -3.262516703252164696e+00
-3.460736643741590512e+00 -1.986497950173193416e+00
-4.009482121549115874e+00 -3.203895027118378813e+00
-3.920261751360571534e+00 -2.531711316055035965e+00
-3.629803635077848867e+00 -2.968804447175029892e+00
-3.891567316336832505e+00 -2.812282510113611522e+00
-3.748114007276682536e+00 -2.379283960750413485e+00
-3.948081672063044056e+00 -3.535852976432075412e+00
-3.363040524165844758e+00 -3.056029241842494582e+00
-3.138654804442309043e+00 -2.827927829381158720e+00
-3.513565383118311125e+00 -2.262256857668624832e+00
-3.479140148340102101e+00 -2.351140250422202094e+00
-3.591866031621445021e+00 -2.913101700371394820e+00
-3.311216918052774183e+00 -2.535626868569998305e+00
-4.494209091364552044e+00 -3.701754867247580627e+00
-3.743481606583024757e+00 -3.097211243112179879e+00
-3.556227975007128617e+00 -2.425838925781185207e+00
-3.466182486965874610e+00 -2.925571115570113623e+00
-4.283219392620871702e+00 -3.020206337338437130e+00
-3.621358614937298270e+00 -2.492826283443386082e+00
-3.593717469418707289e+00 -1.973456729757065098e+00
-3.774991460528680953e+00 -2.700057123267734838e+00
-3.421842508714192377e+00 -2.698541859824262090e+00
-3.908720217815929932e+00 -2.501236294429177942e+00
-3.926521642839335691e+00 -2.603228974272921548e+00
-3.644837556583868210e+00 -2.838573303593784569e+00
-4.000025511363427100e+00 -3.486145860304588062e+00
-4.029041592353020285e+00 -2.887183068084543613e+00
-5.663717126367314059e+00 2.236369192025592589e+00
-5.207761627836892337e+00 8.026561913133376525e-01
-4.993426020240761432e+00 1.810913898603464744e+00
-4.095472421423217213e+00 1.833534154923033288e+00
-4.886026902339472677e+00 6.872092165923417983e-01
-4.481256535211121772e+00 1.396270193822311434e+00
-4.914713049531685307e+00 1.417426528807717023e+00
-5.046990151266943059e+00 1.692473434091293250e+00
-4.217895398236103155e+00 1.433561066362378567e+00
-4.925625734409119438e+00 1.181667848545005839e+00
-4.002041265761175914e+00 1.491411941374610528e+00
-4.784054531116137987e+00 1.356613403750055902e+00
-4.621497437832666755e+00 6.178755730745192354e-01
-4.687918343845264957e+00 1.277506569494760935e+00
-4.281263535736720804e+00 2.221639474869791631e+00
-5.694277948066510220e+00 1.503281613392067673e+00
-6.009259465406456613e+00 1.886315730080279307e+00
-4.697682284414940845e+00 1.049026534409880806e+00
-5.114643028469743058e+00 1.415916060314100111e+00
-5.033931302042465639e+00 1.564896142265243650e+00
-4.965175769616823942e+00 1.274039366680741914e+00
-4.930031980266884162e+00 1.802577330453848159e+00
-5.561504498049314016e+00 2.053914338250644178e+00
-5.021092708048272790e+00 1.270748262910772253e+00
-4.478948846180064614e+00 1.572883080797107480e+00
-4.392037275615723324e+00 1.644428510607229610e+00
-4.000747881895776459e+00 2.030203779540640241e+00
-4.207677965429418521e+00 1.231243397626844205e+00
-5.880172042785153153e+00 1.445150623216842289e+00
-4.716214817134894766e+00 2.313184992141765317e+00
-5.279743390203250897e+00 1.730856609717307704e+00
-4.410882219339973709e+00 1.657574855551239290e+00
-5.049249666293095906e+00 1.459260800260971713e+00
-4.890944713751586015e+00 1.596102226774649191e+00
-4.675415772730177721e+00 8.621566707385134309e-01
-4.405680327169319455e+00 2.030289006274728525e+00
-4.956517815435645957e+00 2.306293345783632986e+00
-4.608688590728850620e+00 6.810387376394522185e-01
-4.911415244553090531e+00 1.903553446300829677e+00
-4.132131058214867814e+00 1.367035057762329586e+00
-4.225708336435133994e+00 1.498455807213074031e+00
-5.105230111465514753e+00 2.275095229635769378e+00
-4.722463678767854667e+00 1.119603598533270405e+00
-4.783804340641932384e+00 9.049656306748145029e-01
-4.725933659630078054e+00 1.505295589000696488e+00
-4.282335295805847153e+00 1.784569516212945794e+00
-4.534016880717022246e+00 1.860071671352398370e+00
-4.787834355675256504e+00 1.365062416400274481e+00
-4.867567095426162282e+00 7.676226211935819332e-01
-5.148074520847040425e+00 1.110045065864999847e+00
-1.509812022029082490e+00 2.556718506999602791e+00
-8.312717466173820124e-01 2.895000299090955576e+00
-1.627032686218726321e+00 2.498846982528126759e+00
-1.005329441969564197e+00 3.045353459590239176e+00
-1.421198475962422991e+00 2.666347932841131474e+00
-2.068065245197498569e+00 3.231678614699570407e+00
-1.707163007730485349e+00 3.023796533805174658e+00
-1.815899517746997427e+00 3.272846086431407731e+00
-1.514666803691545383e+00 2.834177868892268304e+00
-2.226066531260169956e+00 2.683243450140792685e+00
-1.449956886331560613e+00 3.164451826397533640e+00
-1.418036835966188347e+00 3.421819643681398126e+00
-1.588704348552040901e+00 2.932569950296712413e+00
-1.999130061769347710e+00 2.798209898856707678e+00
-2.539635078841668392e+00 2.146074851275312501e+00
-1.630382106767514827e+00 2.411096862185134526e+00
-1.339808811154709955e+00 3.613367509562579905e+00
-1.749501692196495206e+00 2.185064525231896315e+00
-1.569490595065968996e+00 2.714257737574328200e+00
-1.311278662589127064e+00 2.996316010135339436e+00
-1.407038064071184813e+00 3.140850462315840641e+00
-1.712169465467606511e+00 2.871496253772638951e+00
-1.406521808156883546e+00 2.369109721489012887e+00
-9.811452514599037222e-01 2.867604435552597142e+00
-1.423106941911522316e+00 2.952587333547716852e+00
-2.140080840946199547e+00 2.606966329922472791e+00
-1.746399109659554139e+00 3.353716210434085632e+00
-1.795345574508480091e+00 2.465572778308695145e+00
-1.824531384347228613e+00 3.208450365629142542e+00
-1.922498928870792545e+00 3.122891240342885233e+00
-1.382209124858893690e+00 2.610398098615474005e+00
-2.263231689365778010e+00 2.702178273701781652e+00
-1.466374622379896353e+00 3.382067595129310433e+00
-1.717695923716820117e+00 2.692937288140842877e+00
-2.052418834926601487e+00 2.806689703174124695e+00
-1.135483829858396465e+00 2.974740316132572726e+00
-2.405541506254247786e+00 2.025057555193192194e+00
-2.074368645345737061e+00 3.605759854201660008e+00
-1.909509409967086624e+00 2.699376355479710998e+00
-1.625055899645183377e+00 2.880325978202264547e+00
-1.542426950910670058e+00 2.616863793083700429e+00
-1.030857423492872016e+00 2.897015819207591214e+00
-1.940311428163212337e+00 3.293952748799569452e+00
-1.329106865679744454e+00 2.091767686975845919e+00
-1.365724441274533962e+00 2.946782042956862746e+00
-1.750177867283004840e+00 2.299432143794253758e+00
-1.612592525584123804e+00 3.271928925040146652e+00
-1.872412600794433946e+00 2.731969482986106090e+00
-1.218304042420296884e+00 2.414244149049897370e+00
-1.399768295471573110e+00 2.666888234892520693e+00
1.365712511599836976e+00 1.818794123048080191e+00
6.451532789807790103e-01 2.334021647618436113e+00
1.419742520134833930e+00 1.786151801083743607e+00
9.790321735561378080e-01 2.645887131833660977e+00
1.283041749527784159e+00 2.416443786341493816e+00
1.047680174265239295e+00 2.340711765830395308e+00
1.026894858218561302e+00 2.047454710514637011e+00
1.304079367153814895e+00 2.594322274306827936e+00
1.730220899901014020e+00 2.332194524226435473e+00
1.789386504996128169e+00 2.511156919917684416e+00
7.544341690187179594e-01 2.393532279870361101e+00
8.434618446092723154e-01 2.614469050169992315e+00
2.106839997320792968e+00 1.286538939873071996e+00
1.671323205274075407e+00 2.151237052554658025e+00
1.366830315651055283e+00 1.526052692609526140e+00
1.115907134347221774e+00 2.531160238612581104e+00
1.311770279244395709e+00 2.724660174798451351e+00
9.289372851678336929e-01 2.278781839082188121e+00
1.423425380014598618e+00 1.857619184198120443e+00
1.283647754176433731e+00 2.625161585252724805e+00
1.487724912250416809e+00 2.750994559318355570e+00
4.286111446077689457e-01 2.239226640582009153e+00
1.114796680156180608e+00 2.884002800114641385e+00
1.029838566350063545e+00 2.159751403730199470e+00
1.383996461052887650e+00 2.464919577431890829e+00
1.036882246114650741e+00 2.091276059188348135e+00
1.181678266358820784e+00 1.980331298175332488e+00
1.698667655900630624e+00 1.415700469260083860e+00
4.679742475879816732e-01 2.022273554264750306e+00
1.865701103625683199e+00 2.161329112911739347e+00
2.018600612546729955e+00 1.176321817851065044e+00
1.461107144926597989e+00 1.887050668588002633e+00
1.429357426905200956e+00 1.845140421541514808e+00
5.736510990435034207e-01 1.608431489278818738e+00
1.557966615776071428e+00 2.517505505993227199e+00
1.364920540697234008e+00 2.472401176215843321e+00
2.174821758514458026e+00 1.638528443784093458e+00
1.376139065729254485e+00 2.570827377954017390e+00
8.207554840545804309e-01 1.737248630928897031e+00
1.393045569522650240e+00 2.531794951376493241e+00
1.382187064029939627e+00 3.039843816159586432e+00
9.573295092381861604e-01 2.510729156057228018e+00
7.628669690443616869e-01 2.196461322782037762e+00
1.827946707075553512e+00 2.739600674088786825e+00
1.327781957158424619e+00 1.991930402062543237e+00
8.239737490189011915e-01 2.136784782776787850e+00
8.303619496062005778e-01 2.686942072575622120e+00
1.521062173888198421e+00 1.721515557539978980e+00
7.989550307823376496e-01 1.870149813050103305e+00
1.389948956899383914e+00 2.220960329387307031e+00
2.646611045059044987e+00 1.286148769416831206e+00
2.074762536761681542e+00 8.872292189745351054e-01
2.099247394163361591e+00 3.129217465286574518e-01
2.314540555717721659e+00 1.700198473719464864e+00
1.635782925582537572e+00 1.107764784647522482e+00
2.449240362520488823e+00 5.362784690336773741e-01
1.925417733430916822e+00 8.800595459842899260e-01
2.020815363672957332e+00 1.359495509687765225e+00
2.165650706562988415e+00 1.121627088160547903e+00
2.311767768284652025e+00 9.596488464724763912e-01
1.817099890999114731e+00 1.935830514508423139e-01
1.690445593943290525e+00 1.065964342699377010e+00
1.878740950646225372e+00 7.494726456983367147e-01
1.464681368188153865e+00 8.452227873380103729e-01
2.434594345529907944e+00 5.996022716306317335e-01
1.855738082759457397e+00 1.183162632425978078e+00
1.899103425302633763e+00 5.996007487621950460e-01
2.716622668945186447e+00 2.243838824024171341e-01
1.695049365281764864e+00 1.146394940773754367e+00
1.482376815689378180e+00 5.767609517376193207e-01
2.655001523942627895e+00 2.127902038310842237e+00
2.568526555207778728e+00 1.244668602362348553e+00
2.099184083091093278e+00 1.076000675333893764e+00
2.781557762647339338e+00 1.024883261720547667e+00
2.209512524067499317e+00 1.115819047881388748e+00
2.173166852321719134e+00 5.177883488021963743e-01
2.427540168788381525e+00 1.457261129728274485e-01
2.164433541830330654e+00 4.831003117433929628e-01
2.578490640193404015e+00 9.022340718032608731e-01
1.877165832144524593e+00 1.079857736048997818e+00
1.662951102866816910e+00 5.723227980092782108e-01
2.429530775556739464e+00 9.334296845012011179e-01
1.685115501035496344e+00 6.902142972063207704e-01
1.701507746829090006e+00 -5.327105590557654757e-01
1.854905628591211553e+00 2.890347272853107663e-01
2.474836425226630165e+00 1.160906787285858499e+00
1.693157170771936837e+00 9.272633911704146747e-01
1.635540556999913298e+00 1.012900921921737085e+00
1.735681105683767766e+00 2.954486750278223495e-01
2.038514164536286977e+00 3.558244796227918449e-01
1.941360920641266308e+00 1.126634816275250417e+00
2.460285269000644703e+00 8.259893644744524810e-01
2.234133180583689260e+00 5.138888459706476564e-01
2.543724982706914606e+00 8.925097009771074674e-01
2.106436898907224631e+00 4.608991276634434864e-01
2.520436485547084882e+00 1.099305161410471854e+00
2.180052534932387154e+00 1.455755490070203662e+00
1.844855358007731816e+00 3.506765921263366170e-02
1.435045809026171959e+00 9.854254405987130649e-01
2.497672941350407960e+00 6.576661538762722525e-01
